<?xml version="1.0" encoding="utf-8"?>
<SimscapeMultibodyImportXML xmlns="urn:mathworks:SimscapeMultibody:import"
                            xmlns:xsi="http://www.w3.org/2001/XMLSchema-instance"
                            version="2.0">
   <Created by="Amin Fadel" from="Onshape" on="04/10/25||11:57:49"
            using="Simscape Multibody Exporter"/>
   <ModelUnits length="millimeter" mass="gram"/>
   <DataUnits length="meter" mass="kilogram"/>
   <RootAssembly name="Assembly 1" uid="a56b4ec4c3a351f843834caf"
                 version="w-c3ee9c34c3d2bc0eac69c931">
      <InstanceTree>
         <Instance entityUid="JFD*:*b36a13b151a5f2d779ec6868" name="Cover_Bottom &lt;17&gt;"
                   uid="M+nM81wIVZxxhAzgB">
            <Transform>
               <Rotation>-0.710117207 0.440598992 0.549186745 0.348530156 0.897704031 -0.269544435 -0.611768161 0.000000000 -0.791037115 </Rotation>
               <Translation>-0.123066933 0.055358099 0.212497060 </Translation>
            </Transform>
         </Instance>
         <Instance entityUid="JFD*:*9d71c61e3e75fb21b33b5c20" name="Link &lt;1&gt;"
                   uid="M/evJzMmok991QJun">
            <Transform>
               <Rotation>0.440598992 -0.549186745 0.710117207 0.897704031 0.269544435 -0.348530156 0.000000000 0.791037115 0.611768161 </Rotation>
               <Translation>-0.189348861 0.121642474 0.327197442 </Translation>
            </Transform>
         </Instance>
         <Instance entityUid="JFD*:*6f9215c02c1f6640a9c19ddc" name="Joint4 &lt;5&gt;"
                   uid="M0UDzLRnyDPOW4m2H">
            <Transform>
               <Rotation>-0.440598992 0.549186745 0.710117207 -0.897704031 -0.269544435 -0.348530156 -0.000000000 -0.791037115 0.611768161 </Rotation>
               <Translation>-0.213129897 0.132200408 0.360816519 </Translation>
            </Transform>
         </Instance>
         <Instance entityUid="JFD*:*756df92a0d03da20cb5c89c3" name="Servo MG996R &lt;1&gt;"
                   uid="M2ug/mOkLqTCssMNj">
            <Transform>
               <Rotation>0.710117207 -0.549186745 -0.440598992 -0.348530156 0.269544435 -0.897704031 0.611768161 0.791037115 -0.000000000 </Rotation>
               <Translation>-0.205635198 0.117382432 0.327328953 </Translation>
            </Transform>
         </Instance>
         <Instance entityUid="JFD*:*5ee11cf51f802d86d9085683" name="Planet_Carrier_Bottom &lt;9&gt;"
                   uid="M3rK4t/CH3THEoRCq">
            <Transform>
               <Rotation>-0.549186745 0.440598992 -0.710117207 0.269544435 0.897704031 0.348530156 0.791037115 0.000000000 -0.611768161 </Rotation>
               <Translation>-0.116237649 0.069272511 0.212497060 </Translation>
            </Transform>
         </Instance>
         <Instance entityUid="JFD*:*9d71c61e3e75fb21b33b5c20" name="Link &lt;2&gt;"
                   uid="M5VeaZqtG15rMRgyc">
            <Transform>
               <Rotation>-0.440598992 0.549186745 0.710117207 -0.897704031 -0.269544435 -0.348530156 -0.000000000 -0.791037115 0.611768161 </Rotation>
               <Translation>-0.134430187 0.094688030 0.248093730 </Translation>
            </Transform>
         </Instance>
         <Instance entityUid="JFD*:*08d4d25a4784a3e9119ed406" name="MG996R_Connector &lt;8&gt;"
                   uid="M6SLQDUvv6JwuKphk">
            <Transform>
               <Rotation>-0.440598992 0.549186745 0.710117207 -0.897704031 -0.269544435 -0.348530156 -0.000000000 -0.791037115 0.611768161 </Rotation>
               <Translation>-0.219939813 0.135542759 0.370625379 </Translation>
            </Transform>
         </Instance>
         <Instance entityUid="JFD*:*4e6b3571436ca2e01afcd492" name="Moving_Fixation_Big &lt;19&gt;"
                   uid="M7+fvqHQ2kRL0eTWx">
            <Transform>
               <Rotation>0.549186745 0.710117207 -0.440598992 -0.269544435 -0.348530156 -0.897704031 -0.791037115 0.611768161 -0.000000000 </Rotation>
               <Translation>-0.093767100 0.115055417 0.212497060 </Translation>
            </Transform>
         </Instance>
         <Instance entityUid="JFD*:*0eae42b0b68b7fd6ff2f246c" name="Planet_Gear &lt;14&gt;"
                   uid="M7VXozq8fyCv5PU1z">
            <Transform>
               <Rotation>-0.710117207 -0.440598992 -0.549186745 0.348530156 -0.897704031 0.269544435 -0.611768161 -0.000000000 0.791037115 </Rotation>
               <Translation>-0.121418676 0.052878194 0.193515560 </Translation>
            </Transform>
         </Instance>
         <Instance entityUid="JHD*:*76a071b4f7b3b45236f0f921" name="Part 1 &lt;1&gt;"
                   uid="M8XoS8osJ24iDVfy/">
            <Transform>
               <Rotation>-0.000000000 -0.897704031 -0.440598992 0.000000000 0.440598992 -0.897704031 1.000000000 -0.000000000 -0.000000000 </Rotation>
               <Translation>0.026603455 0.096636044 0.062281807 </Translation>
            </Transform>
         </Instance>
         <Instance entityUid="JFD*:*4e6b3571436ca2e01afcd492" name="Moving_Fixation_Big &lt;35&gt;"
                   uid="MAX3ZlsSzX21eeUz1">
            <Transform>
               <Rotation>0.549186745 -0.710117207 0.440598992 -0.269544435 0.348530156 0.897704031 -0.791037115 -0.611768161 0.000000000 </Rotation>
               <Translation>-0.031996211 -0.022758592 0.062281807 </Translation>
            </Transform>
         </Instance>
         <Instance entityUid="JFD*:*0eae42b0b68b7fd6ff2f246c" name="Planet_Gear &lt;30&gt;"
                   uid="MAu9r3v/CQEONbt9G">
            <Transform>
               <Rotation>0.710117207 0.440598992 -0.549186745 -0.348530156 0.897704031 0.269544435 0.611768161 0.000000000 0.791037115 </Rotation>
               <Translation>-0.015637774 0.044961377 0.050563388 </Translation>
            </Transform>
         </Instance>
         <Instance entityUid="JFD*:*610f96f227c64e0e11eac724" name="Ring_Gear &lt;16&gt;"
                   uid="MCEZN3XgoBHbZekmd">
            <Transform>
               <Rotation>-0.549186745 0.440598992 -0.710117207 0.269544435 0.897704031 0.348530156 0.791037115 0.000000000 -0.611768161 </Rotation>
               <Translation>-0.116457948 0.068823659 0.212497060 </Translation>
            </Transform>
         </Instance>
         <Instance entityUid="JFD*:*0eae42b0b68b7fd6ff2f246c" name="Planet_Gear &lt;31&gt;"
                   uid="MD86a0ubb0/adq+mQ">
            <Transform>
               <Rotation>0.710117207 0.440598992 -0.549186745 -0.348530156 0.897704031 0.269544435 0.611768161 0.000000000 0.791037115 </Rotation>
               <Translation>-0.004344635 0.039418630 0.081263307 </Translation>
            </Transform>
         </Instance>
         <Instance entityUid="JFD*:*04ac0249779dbe453852d6f8" name="Planet_Carrier_Top &lt;11&gt;"
                   uid="MDF6ffxsfzzPCsPX3">
            <Transform>
               <Rotation>-0.710117207 0.440598992 0.549186745 0.348530156 0.897704031 -0.269544435 -0.611768161 0.000000000 -0.791037115 </Rotation>
               <Translation>-0.106985070 0.088124296 0.212497060 </Translation>
            </Transform>
         </Instance>
         <Instance entityUid="JFD*:*5f74b522f5e7c40e3abbadd0" name="Fork final &lt;1&gt;"
                   uid="MEn6nAj32bXfpRZm5">
            <Transform>
               <Rotation>0.419673525 -0.549186745 0.722681155 0.907499288 0.269544435 -0.322165858 -0.017865465 0.791037115 0.611507243 </Rotation>
               <Translation>-0.229876968 0.143622858 0.435685159 </Translation>
            </Transform>
         </Instance>
         <Instance entityUid="JFD*:*17174ec7313b92d4aa95e71a" name="Sun_Gear &lt;28&gt;"
                   uid="MFRUowOAwWc2J7Kbj">
            <Transform>
               <Rotation>0.897704031 0.440598992 -0.000000000 -0.440598992 0.897704031 0.000000000 0.000000000 0.000000000 1.000000000 </Rotation>
               <Translation>-0.001594880 0.039182986 0.062281807 </Translation>
            </Transform>
         </Instance>
         <Instance entityUid="JFD*:*57226cf10d9777b5884fd206" name="Base_Link &lt;37&gt;"
                   uid="MFwHJZ3LqjV4zKpmT">
            <Transform>
               <Rotation>-0.440598992 0.897704031 -0.000000000 -0.897704031 -0.440598992 -0.000000000 -0.000000000 -0.000000000 1.000000000 </Rotation>
               <Translation>-0.006441469 0.029308241 0.007281807 </Translation>
            </Transform>
         </Instance>
         <Instance entityUid="JHD*:*76a071b4f7b3b45236f0f921" name="Part 1 &lt;2&gt;"
                   uid="MH7LbF1unBEHZx4oy">
            <Transform>
               <Rotation>-0.710117207 -0.549186745 0.440598992 0.348530156 0.269544435 0.897704031 -0.611768161 0.791037115 0.000000000 </Rotation>
               <Translation>-0.151705867 -0.002992664 0.212497060 </Translation>
            </Transform>
         </Instance>
         <Instance entityUid="JFD*:*a5fa53bf760477e99c4c6445" name="End_Effector &lt;2&gt;"
                   uid="MIHmLv4k0K5v3ALJr">
            <Transform>
               <Rotation>0.325356759 0.847358904 -0.419673525 -0.168777841 -0.384654499 -0.907499288 -0.930406911 0.366092619 0.017865465 </Rotation>
               <Translation>-0.271690509 0.189892761 0.460418212 </Translation>
            </Transform>
         </Instance>
         <Instance entityUid="JFD*:*756df92a0d03da20cb5c89c3" name="Servo MG996R &lt;2&gt;"
                   uid="MIiGjymin2RbpZ50h">
            <Transform>
               <Rotation>-0.549186745 0.419673525 -0.722681155 0.269544435 0.907499288 0.322165858 0.791037115 -0.017865465 -0.611507243 </Rotation>
               <Translation>-0.250086265 0.145336920 0.395059460 </Translation>
            </Transform>
         </Instance>
         <Instance entityUid="JFD*:*bb0ce4dc91f315464e16b218" name="Fixation_Small &lt;36&gt;"
                   uid="MKw/xJVuIxQWSdQrr">
            <Transform>
               <Rotation>0.549186745 0.710117207 -0.440598992 -0.269544435 -0.348530156 -0.897704031 -0.791037115 0.611768161 -0.000000000 </Rotation>
               <Translation>-0.000024389 0.042311013 0.062240907 </Translation>
            </Transform>
         </Instance>
         <Instance entityUid="JFD*:*5ee11cf51f802d86d9085683" name="Planet_Carrier_Bottom &lt;25&gt;"
                   uid="MP7muSsDm5T54yBTG">
            <Transform>
               <Rotation>-0.549186745 -0.440598992 0.710117207 0.269544435 -0.897704031 -0.348530156 0.791037115 -0.000000000 0.611768161 </Rotation>
               <Translation>-0.009525662 0.023024313 0.062281807 </Translation>
            </Transform>
         </Instance>
         <Instance entityUid="JFD*:*1f8f0049b7527e0f04390249" name="Cover_Top &lt;34&gt;"
                   uid="MPWs5BFtA2fuTgDY6">
            <Transform>
               <Rotation>0.897704031 0.440598992 -0.000000000 -0.440598992 0.897704031 0.000000000 0.000000000 0.000000000 1.000000000 </Rotation>
               <Translation>-0.008644464 0.024819721 0.062281807 </Translation>
            </Transform>
         </Instance>
         <Instance entityUid="JFD*:*0eae42b0b68b7fd6ff2f246c" name="Planet_Gear &lt;15&gt;"
                   uid="MRlZ5faGQpucZr2Sf">
            <Transform>
               <Rotation>-0.710117207 -0.440598992 -0.549186745 0.348530156 -0.897704031 0.269544435 -0.611768161 -0.000000000 0.791037115 </Rotation>
               <Translation>-0.138978384 0.063167542 0.219760141 </Translation>
            </Transform>
         </Instance>
         <Instance entityUid="JFD*:*8b464b4df385a27603efd4ef" name="Planet_Carrier_Mid &lt;10&gt;"
                   uid="MRqyfA5GOnY7mtf6E">
            <Transform>
               <Rotation>-0.710117207 0.440598992 0.549186745 0.348530156 0.897704031 -0.269544435 -0.611768161 0.000000000 -0.791037115 </Rotation>
               <Translation>-0.110069263 0.081840367 0.212497060 </Translation>
            </Transform>
         </Instance>
         <Instance entityUid="JFD*:*b36a13b151a5f2d779ec6868" name="Cover_Bottom &lt;33&gt;"
                   uid="MTOZR5uGaIR3BhALt">
            <Transform>
               <Rotation>0.000000000 -0.440598992 -0.897704031 -0.000000000 -0.897704031 0.440598992 -1.000000000 -0.000000000 -0.000000000 </Rotation>
               <Translation>-0.002035479 0.038285282 0.062281807 </Translation>
            </Transform>
         </Instance>
         <Instance entityUid="JFD*:*bb0ce4dc91f315464e16b218" name="Fixation_Small &lt;21&gt;"
                   uid="MYAV9LHIAWPTuG6c9">
            <Transform>
               <Rotation>-0.549186745 -0.710117207 -0.440598992 0.269544435 0.348530156 -0.897704031 0.791037115 -0.611768161 -0.000000000 </Rotation>
               <Translation>-0.104369871 0.093524456 0.212537959 </Translation>
            </Transform>
         </Instance>
         <Instance entityUid="JFD*:*0eae42b0b68b7fd6ff2f246c" name="Planet_Gear &lt;13&gt;"
                   uid="MYIMhvI0cYcSuzNfH">
            <Transform>
               <Rotation>-0.710117207 -0.440598992 -0.549186745 0.348530156 -0.897704031 0.269544435 -0.611768161 -0.000000000 0.791037115 </Rotation>
               <Translation>-0.110125536 0.047335447 0.224215479 </Translation>
            </Transform>
         </Instance>
         <Instance entityUid="JFD*:*bb0ce4dc91f315464e16b218" name="Fixation_Small &lt;22&gt;"
                   uid="Mc6nZpI475BrdET0W">
            <Transform>
               <Rotation>0.549186745 -0.710117207 0.440598992 -0.269544435 0.348530156 0.897704031 -0.791037115 -0.611768161 0.000000000 </Rotation>
               <Translation>-0.125682132 0.049957938 0.212456161 </Translation>
            </Transform>
         </Instance>
         <Instance entityUid="JFD*:*1f8f0049b7527e0f04390249" name="Cover_Top &lt;18&gt;"
                   uid="MgYjkgHqtGtKuzMCM">
            <Transform>
               <Rotation>-0.549186745 -0.440598992 0.710117207 0.269544435 -0.897704031 -0.348530156 0.791037115 -0.000000000 0.611768161 </Rotation>
               <Translation>-0.116457948 0.068823659 0.212497060 </Translation>
            </Transform>
         </Instance>
         <Instance entityUid="JFD*:*8b464b4df385a27603efd4ef" name="Planet_Carrier_Mid &lt;26&gt;"
                   uid="MiUUspU3kIbZMDI2t">
            <Transform>
               <Rotation>0.710117207 -0.440598992 0.549186745 -0.348530156 -0.897704031 -0.269544435 0.611768161 -0.000000000 -0.791037115 </Rotation>
               <Translation>-0.015694048 0.010456457 0.062281807 </Translation>
            </Transform>
         </Instance>
         <Instance entityUid="JHD*:*8bea405db0e25329949e4e4a" grounded="true"
                   name="Base_Simple &lt;1&gt;"
                   uid="Mj29tlAmGues091N/">
            <Transform>
               <Rotation>1.000000000 0.000000000 0.000000000 0.000000000 1.000000000 0.000000000 0.000000000 0.000000000 1.000000000 </Rotation>
               <Translation>-0.006441469 0.029308241 -0.042718193 </Translation>
            </Transform>
         </Instance>
         <Instance entityUid="JFD*:*17174ec7313b92d4aa95e71a" name="Sun_Gear &lt;12&gt;"
                   uid="MjPW7umaCIBK6ccs4">
            <Transform>
               <Rotation>-0.549186745 -0.440598992 0.710117207 0.269544435 -0.897704031 -0.348530156 0.791037115 -0.000000000 0.611768161 </Rotation>
               <Translation>-0.123507532 0.054460395 0.212497060 </Translation>
            </Transform>
         </Instance>
         <Instance entityUid="JFD*:*c15c7da6f2d533d4540df2ad" name="Fixed_Fixation_Big &lt;20&gt;"
                   uid="MkM4tTaWj59XIzUoZ">
            <Transform>
               <Rotation>-0.549186745 0.710117207 0.440598992 0.269544435 -0.348530156 0.897704031 0.791037115 0.611768161 0.000000000 </Rotation>
               <Translation>-0.136284903 0.028426978 0.212497060 </Translation>
            </Transform>
         </Instance>
         <Instance entityUid="JFD*:*04ac0249779dbe453852d6f8" name="Planet_Carrier_Top &lt;27&gt;"
                   uid="Ml06WNh062H3mXMU4">
            <Transform>
               <Rotation>0.710117207 -0.440598992 0.549186745 -0.348530156 -0.897704031 -0.269544435 0.611768161 -0.000000000 -0.791037115 </Rotation>
               <Translation>-0.018778241 0.004172528 0.062281807 </Translation>
            </Transform>
         </Instance>
         <Instance entityUid="JFD*:*610f96f227c64e0e11eac724" name="Ring_Gear &lt;32&gt;"
                   uid="MpU6YHFGrvm47TCDV">
            <Transform>
               <Rotation>0.897704031 -0.440598992 0.000000000 -0.440598992 -0.897704031 -0.000000000 0.000000000 -0.000000000 -1.000000000 </Rotation>
               <Translation>-0.008644464 0.024819721 0.062281807 </Translation>
            </Transform>
         </Instance>
         <Instance entityUid="JFD*:*0eae42b0b68b7fd6ff2f246c" name="Planet_Gear &lt;29&gt;"
                   uid="Ms7AQTqD0G6UC6PXe">
            <Transform>
               <Rotation>0.710117207 0.440598992 -0.549186745 -0.348530156 0.897704031 0.269544435 0.611768161 0.000000000 0.791037115 </Rotation>
               <Translation>0.013215073 0.029129282 0.055018726 </Translation>
            </Transform>
         </Instance>
         <Instance entityUid="JFD*:*9d71c61e3e75fb21b33b5c20" name="Link &lt;4&gt;"
                   uid="MtVyfGLuOb/KYt5FH">
            <Transform>
               <Rotation>0.440598992 -0.549186745 0.710117207 0.897704031 0.269544435 -0.348530156 0.000000000 0.791037115 0.611768161 </Rotation>
               <Translation>-0.095562091 0.048987841 0.176941289 </Translation>
            </Transform>
         </Instance>
         <Instance entityUid="JFD*:*a498ea0e101637abc0f70430" name="Joint4_Cover &lt;7&gt;"
                   uid="MuTX8OvuPUmU7CUd2">
            <Transform>
               <Rotation>0.710117207 -0.440598992 0.549186745 -0.348530156 -0.897704031 -0.269544435 0.611768161 -0.000000000 -0.791037115 </Rotation>
               <Translation>-0.216425018 0.133817675 0.365562742 </Translation>
            </Transform>
         </Instance>
         <Instance entityUid="JFD*:*d69154e849ed0b29577a34fa" name="Joint4_Coupler &lt;1&gt;"
                   uid="Mx2Ca42Z1ztpvPGBQ">
            <Transform>
               <Rotation>-0.722681155 -0.419673525 -0.549186745 0.322165858 -0.907499288 0.269544435 -0.611507243 0.017865465 0.791037115 </Rotation>
               <Translation>-0.221312780 0.136216620 0.372602972 </Translation>
            </Transform>
         </Instance>
         <Instance entityUid="JFD*:*9d71c61e3e75fb21b33b5c20" name="Link &lt;3&gt;"
                   uid="Mz5YhC1L/P3by1+vr">
            <Transform>
               <Rotation>-0.440598992 0.549186745 0.710117207 -0.897704031 -0.269544435 -0.348530156 -0.000000000 -0.791037115 0.611768161 </Rotation>
               <Translation>-0.040643416 0.022033398 0.097837578 </Translation>
            </Transform>
         </Instance>
      </InstanceTree>
      <Constraints/>
      <Joints>
         <Weld name="Fastened1">
            <BaseFrame>
               <InstancePath>
                  <Uid>M/evJzMmok991QJun</Uid>
               </InstancePath>
               <Transform>
                  <Rotation>-0.000000000 0.000000000 1.000000000 -1.000000000 0.000000000 -0.000000000 -0.000000000 -1.000000000 -0.000000000 </Rotation>
                  <Translation>0.000000000 -0.050000000 0.023000000 </Translation>
               </Transform>
            </BaseFrame>
            <FollowerFrame>
               <InstancePath>
                  <Uid>M5VeaZqtG15rMRgyc</Uid>
               </InstancePath>
               <Transform>
                  <Rotation>0.000000000 0.000000000 -1.000000000 1.000000000 0.000000000 0.000000000 0.000000000 -1.000000000 0.000000000 </Rotation>
                  <Translation>0.000000000 -0.050000000 0.023000000 </Translation>
               </Transform>
            </FollowerFrame>
         </Weld>
         <Weld name="Fastened2">
            <BaseFrame>
               <InstancePath>
                  <Uid>MtVyfGLuOb/KYt5FH</Uid>
               </InstancePath>
               <Transform>
                  <Rotation>-0.000000000 0.000000000 1.000000000 -1.000000000 0.000000000 -0.000000000 -0.000000000 -1.000000000 -0.000000000 </Rotation>
                  <Translation>0.000000000 -0.050000000 0.023000000 </Translation>
               </Transform>
            </BaseFrame>
            <FollowerFrame>
               <InstancePath>
                  <Uid>Mz5YhC1L/P3by1+vr</Uid>
               </InstancePath>
               <Transform>
                  <Rotation>0.000000000 0.000000000 -1.000000000 1.000000000 0.000000000 0.000000000 0.000000000 -1.000000000 0.000000000 </Rotation>
                  <Translation>0.000000000 -0.050000000 0.023000000 </Translation>
               </Transform>
            </FollowerFrame>
         </Weld>
         <Weld name="Fastened3">
            <BaseFrame>
               <InstancePath>
                  <Uid>MKw/xJVuIxQWSdQrr</Uid>
               </InstancePath>
               <Transform>
                  <Rotation>-1.000000000 0.000000000 -0.000000000 -0.000000000 1.000000000 -0.000000000 -0.000000000 0.000000000 -1.000000000 </Rotation>
                  <Translation>-0.055000000 -0.015000000 0.011100000 </Translation>
               </Transform>
            </BaseFrame>
            <FollowerFrame>
               <InstancePath>
                  <Uid>MtVyfGLuOb/KYt5FH</Uid>
               </InstancePath>
               <Transform>
                  <Rotation>0.000000000 0.000000000 1.000000000 1.000000000 0.000000000 0.000000000 0.000000000 1.000000000 0.000000000 </Rotation>
                  <Translation>0.025000000 -0.090000000 -0.015000000 </Translation>
               </Transform>
            </FollowerFrame>
         </Weld>
         <Weld name="Fastened4">
            <BaseFrame>
               <InstancePath>
                  <Uid>MYAV9LHIAWPTuG6c9</Uid>
               </InstancePath>
               <Transform>
                  <Rotation>1.000000000 0.000000000 -0.000000000 0.000000000 -1.000000000 -0.000000000 0.000000000 0.000000000 -1.000000000 </Rotation>
                  <Translation>-0.055000000 -0.015000000 0.011100000 </Translation>
               </Transform>
            </BaseFrame>
            <FollowerFrame>
               <InstancePath>
                  <Uid>MtVyfGLuOb/KYt5FH</Uid>
               </InstancePath>
               <Transform>
                  <Rotation>0.000000000 0.000000000 1.000000000 1.000000000 0.000000000 0.000000000 0.000000000 1.000000000 0.000000000 </Rotation>
                  <Translation>0.025000000 -0.010000000 0.015000000 </Translation>
               </Transform>
            </FollowerFrame>
         </Weld>
         <Weld name="Fastened5">
            <BaseFrame>
               <InstancePath>
                  <Uid>M7+fvqHQ2kRL0eTWx</Uid>
               </InstancePath>
               <Transform>
                  <Rotation>-1.000000000 0.000000000 -0.000000000 -0.000000000 1.000000000 -0.000000000 -0.000000000 0.000000000 -1.000000000 </Rotation>
                  <Translation>-0.055000000 0.015000000 0.011200000 </Translation>
               </Transform>
            </BaseFrame>
            <FollowerFrame>
               <InstancePath>
                  <Uid>M/evJzMmok991QJun</Uid>
               </InstancePath>
               <Transform>
                  <Rotation>0.000000000 0.000000000 1.000000000 1.000000000 0.000000000 0.000000000 0.000000000 1.000000000 0.000000000 </Rotation>
                  <Translation>0.025000000 -0.090000000 0.015000000 </Translation>
               </Transform>
            </FollowerFrame>
         </Weld>
         <Weld name="Fastened6">
            <BaseFrame>
               <InstancePath>
                  <Uid>M0UDzLRnyDPOW4m2H</Uid>
               </InstancePath>
               <Transform>
                  <Rotation>-0.000000000 0.000000000 -1.000000000 -1.000000000 0.000000000 -0.000000000 -0.000000000 1.000000000 -0.000000000 </Rotation>
                  <Translation>-0.026000000 0.067500000 0.015000000 </Translation>
               </Transform>
            </BaseFrame>
            <FollowerFrame>
               <InstancePath>
                  <Uid>M/evJzMmok991QJun</Uid>
               </InstancePath>
               <Transform>
                  <Rotation>0.000000000 0.000000000 1.000000000 1.000000000 0.000000000 0.000000000 0.000000000 1.000000000 0.000000000 </Rotation>
                  <Translation>0.025000000 -0.025000000 0.015000000 </Translation>
               </Transform>
            </FollowerFrame>
         </Weld>
         <Weld name="Fastened1">
            <BaseFrame>
               <InstancePath>
                  <Uid>M0UDzLRnyDPOW4m2H</Uid>
               </InstancePath>
               <Transform>
                  <Rotation>-0.000000000 -0.000000000 1.000000000 -0.000000000 -1.000000000 -0.000000000 1.000000000 -0.000000000 -0.000000000 </Rotation>
                  <Translation>0.000000000 0.008000000 -0.010000000 </Translation>
               </Transform>
            </BaseFrame>
            <FollowerFrame>
               <InstancePath>
                  <Uid>M2ug/mOkLqTCssMNj</Uid>
               </InstancePath>
               <Transform>
                  <Rotation>1.000000000 0.000000000 0.000000000 0.000000000 1.000000000 0.000000000 0.000000000 0.000000000 1.000000000 </Rotation>
                  <Translation>0.000000000 0.026600000 -0.010000000 </Translation>
               </Transform>
            </FollowerFrame>
         </Weld>
         <Weld name="Fastened2">
            <BaseFrame>
               <InstancePath>
                  <Uid>M2ug/mOkLqTCssMNj</Uid>
               </InstancePath>
               <Transform>
                  <Rotation>-0.000000000 -1.000000000 -0.000000000 -0.000000000 0.000000000 -1.000000000 1.000000000 0.000000000 -0.000000000 </Rotation>
                  <Translation>0.010000000 0.047600000 -0.010000000 </Translation>
               </Transform>
            </BaseFrame>
            <FollowerFrame>
               <InstancePath>
                  <Uid>M6SLQDUvv6JwuKphk</Uid>
               </InstancePath>
               <Transform>
                  <Rotation>1.000000000 0.000000000 0.000000000 0.000000000 -0.000000000 1.000000000 0.000000000 -1.000000000 -0.000000000 </Rotation>
                  <Translation>0.000000000 -0.000600000 0.000000000 </Translation>
               </Transform>
            </FollowerFrame>
         </Weld>
         <Weld name="Fastened4">
            <BaseFrame>
               <InstancePath>
                  <Uid>MuTX8OvuPUmU7CUd2</Uid>
               </InstancePath>
               <Transform>
                  <Rotation>0.000000000 1.000000000 -0.000000000 1.000000000 0.000000000 -0.000000000 0.000000000 0.000000000 -1.000000000 </Rotation>
                  <Translation>0.000000000 0.000000000 0.003000000 </Translation>
               </Transform>
            </BaseFrame>
            <FollowerFrame>
               <InstancePath>
                  <Uid>M0UDzLRnyDPOW4m2H</Uid>
               </InstancePath>
               <Transform>
                  <Rotation>1.000000000 -0.000000000 0.000000000 0.000000000 0.000000000 -1.000000000 0.000000000 1.000000000 0.000000000 </Rotation>
                  <Translation>0.000000000 -0.003000000 0.000000000 </Translation>
               </Transform>
            </FollowerFrame>
         </Weld>
         <Weld name="Fastened1">
            <BaseFrame>
               <InstancePath>
                  <Uid>M3rK4t/CH3THEoRCq</Uid>
               </InstancePath>
               <Transform>
                  <Rotation>-0.000000000 -1.000000000 -0.000000000 -0.000000000 0.000000000 -1.000000000 1.000000000 0.000000000 -0.000000000 </Rotation>
                  <Translation>0.000000000 0.004500000 0.000000000 </Translation>
               </Transform>
            </BaseFrame>
            <FollowerFrame>
               <InstancePath>
                  <Uid>MRqyfA5GOnY7mtf6E</Uid>
               </InstancePath>
               <Transform>
                  <Rotation>1.000000000 -0.000000000 0.000000000 0.000000000 0.000000000 -1.000000000 0.000000000 1.000000000 0.000000000 </Rotation>
                  <Translation>0.000000000 -0.009500000 0.000000000 </Translation>
               </Transform>
            </FollowerFrame>
         </Weld>
         <Weld name="Fastened2">
            <BaseFrame>
               <InstancePath>
                  <Uid>MRqyfA5GOnY7mtf6E</Uid>
               </InstancePath>
               <Transform>
                  <Rotation>1.000000000 0.000000000 -0.000000000 0.000000000 0.000000000 -1.000000000 0.000000000 1.000000000 -0.000000000 </Rotation>
                  <Translation>0.000000000 0.001500000 0.000000000 </Translation>
               </Transform>
            </BaseFrame>
            <FollowerFrame>
               <InstancePath>
                  <Uid>MDF6ffxsfzzPCsPX3</Uid>
               </InstancePath>
               <Transform>
                  <Rotation>1.000000000 -0.000000000 0.000000000 0.000000000 0.000000000 -1.000000000 0.000000000 1.000000000 0.000000000 </Rotation>
                  <Translation>0.000000000 -0.005500000 0.000000000 </Translation>
               </Transform>
            </FollowerFrame>
         </Weld>
         <Weld name="Fastened9">
            <BaseFrame>
               <InstancePath>
                  <Uid>M+nM81wIVZxxhAzgB</Uid>
               </InstancePath>
               <Transform>
                  <Rotation>0.000000000 1.000000000 -0.000000000 0.000000000 -0.000000000 -1.000000000 -1.000000000 0.000000000 -0.000000000 </Rotation>
                  <Translation>0.000000000 0.000000000 0.000000000 </Translation>
               </Transform>
            </BaseFrame>
            <FollowerFrame>
               <InstancePath>
                  <Uid>MCEZN3XgoBHbZekmd</Uid>
               </InstancePath>
               <Transform>
                  <Rotation>1.000000000 -0.000000000 0.000000000 0.000000000 0.000000000 -1.000000000 0.000000000 1.000000000 0.000000000 </Rotation>
                  <Translation>0.000000000 -0.015000000 0.000000000 </Translation>
               </Transform>
            </FollowerFrame>
         </Weld>
         <Weld name="Fastened10">
            <BaseFrame>
               <InstancePath>
                  <Uid>MCEZN3XgoBHbZekmd</Uid>
               </InstancePath>
               <Transform>
                  <Rotation>1.000000000 0.000000000 -0.000000000 0.000000000 0.000000000 -1.000000000 0.000000000 1.000000000 -0.000000000 </Rotation>
                  <Translation>0.000000000 0.000000000 0.000000000 </Translation>
               </Transform>
            </BaseFrame>
            <FollowerFrame>
               <InstancePath>
                  <Uid>MgYjkgHqtGtKuzMCM</Uid>
               </InstancePath>
               <Transform>
                  <Rotation>1.000000000 0.000000000 0.000000000 0.000000000 0.000000000 1.000000000 0.000000000 -1.000000000 0.000000000 </Rotation>
                  <Translation>0.000000000 0.000000000 0.000000000 </Translation>
               </Transform>
            </FollowerFrame>
         </Weld>
         <Weld name="Fastened11">
            <BaseFrame>
               <InstancePath>
                  <Uid>MDF6ffxsfzzPCsPX3</Uid>
               </InstancePath>
               <Transform>
                  <Rotation>-0.000000000 -1.000000000 -0.000000000 -0.000000000 0.000000000 -1.000000000 1.000000000 0.000000000 -0.000000000 </Rotation>
                  <Translation>0.000000000 0.005000000 0.000000000 </Translation>
               </Transform>
            </BaseFrame>
            <FollowerFrame>
               <InstancePath>
                  <Uid>M7+fvqHQ2kRL0eTWx</Uid>
               </InstancePath>
               <Transform>
                  <Rotation>1.000000000 0.000000000 0.000000000 0.000000000 1.000000000 0.000000000 0.000000000 0.000000000 1.000000000 </Rotation>
                  <Translation>0.000000000 0.000000000 0.025000000 </Translation>
               </Transform>
            </FollowerFrame>
         </Weld>
         <Weld name="Fastened12">
            <BaseFrame>
               <InstancePath>
                  <Uid>M7+fvqHQ2kRL0eTWx</Uid>
               </InstancePath>
               <Transform>
                  <Rotation>1.000000000 0.000000000 -0.000000000 0.000000000 -1.000000000 -0.000000000 0.000000000 0.000000000 -1.000000000 </Rotation>
                  <Translation>-0.049048040 0.000000000 0.036300000 </Translation>
               </Transform>
            </BaseFrame>
            <FollowerFrame>
               <InstancePath>
                  <Uid>Mc6nZpI475BrdET0W</Uid>
               </InstancePath>
               <Transform>
                  <Rotation>1.000000000 0.000000000 0.000000000 0.000000000 1.000000000 0.000000000 0.000000000 0.000000000 1.000000000 </Rotation>
                  <Translation>-0.049099743 0.000000000 0.036200000 </Translation>
               </Transform>
            </FollowerFrame>
         </Weld>
         <Weld name="Fastened13">
            <BaseFrame>
               <InstancePath>
                  <Uid>M+nM81wIVZxxhAzgB</Uid>
               </InstancePath>
               <Transform>
                  <Rotation>-0.000000000 -1.000000000 -0.000000000 -0.000000000 0.000000000 1.000000000 -1.000000000 0.000000000 -0.000000000 </Rotation>
                  <Translation>0.000000000 -0.005000000 0.000000000 </Translation>
               </Transform>
            </BaseFrame>
            <FollowerFrame>
               <InstancePath>
                  <Uid>MkM4tTaWj59XIzUoZ</Uid>
               </InstancePath>
               <Transform>
                  <Rotation>1.000000000 0.000000000 0.000000000 0.000000000 1.000000000 0.000000000 0.000000000 0.000000000 1.000000000 </Rotation>
                  <Translation>0.000000000 0.000000000 0.025000000 </Translation>
               </Transform>
            </FollowerFrame>
         </Weld>
         <Weld name="Fastened14">
            <BaseFrame>
               <InstancePath>
                  <Uid>MkM4tTaWj59XIzUoZ</Uid>
               </InstancePath>
               <Transform>
                  <Rotation>1.000000000 0.000000000 -0.000000000 0.000000000 -1.000000000 -0.000000000 0.000000000 0.000000000 -1.000000000 </Rotation>
                  <Translation>-0.049048040 0.000000000 0.036300000 </Translation>
               </Transform>
            </BaseFrame>
            <FollowerFrame>
               <InstancePath>
                  <Uid>MYAV9LHIAWPTuG6c9</Uid>
               </InstancePath>
               <Transform>
                  <Rotation>1.000000000 0.000000000 0.000000000 0.000000000 1.000000000 0.000000000 0.000000000 0.000000000 1.000000000 </Rotation>
                  <Translation>-0.049099743 0.000000000 0.036200000 </Translation>
               </Transform>
            </FollowerFrame>
         </Weld>
         <Weld name="Fastened1">
            <BaseFrame>
               <InstancePath>
                  <Uid>MP7muSsDm5T54yBTG</Uid>
               </InstancePath>
               <Transform>
                  <Rotation>-0.000000000 -1.000000000 -0.000000000 -0.000000000 0.000000000 -1.000000000 1.000000000 0.000000000 -0.000000000 </Rotation>
                  <Translation>0.000000000 0.004500000 0.000000000 </Translation>
               </Transform>
            </BaseFrame>
            <FollowerFrame>
               <InstancePath>
                  <Uid>MiUUspU3kIbZMDI2t</Uid>
               </InstancePath>
               <Transform>
                  <Rotation>1.000000000 -0.000000000 0.000000000 0.000000000 0.000000000 -1.000000000 0.000000000 1.000000000 0.000000000 </Rotation>
                  <Translation>0.000000000 -0.009500000 0.000000000 </Translation>
               </Transform>
            </FollowerFrame>
         </Weld>
         <Weld name="Fastened2">
            <BaseFrame>
               <InstancePath>
                  <Uid>MiUUspU3kIbZMDI2t</Uid>
               </InstancePath>
               <Transform>
                  <Rotation>1.000000000 0.000000000 -0.000000000 0.000000000 0.000000000 -1.000000000 0.000000000 1.000000000 -0.000000000 </Rotation>
                  <Translation>0.000000000 0.001500000 0.000000000 </Translation>
               </Transform>
            </BaseFrame>
            <FollowerFrame>
               <InstancePath>
                  <Uid>Ml06WNh062H3mXMU4</Uid>
               </InstancePath>
               <Transform>
                  <Rotation>1.000000000 -0.000000000 0.000000000 0.000000000 0.000000000 -1.000000000 0.000000000 1.000000000 0.000000000 </Rotation>
                  <Translation>0.000000000 -0.005500000 0.000000000 </Translation>
               </Transform>
            </FollowerFrame>
         </Weld>
         <Weld name="Fastened9">
            <BaseFrame>
               <InstancePath>
                  <Uid>MTOZR5uGaIR3BhALt</Uid>
               </InstancePath>
               <Transform>
                  <Rotation>0.000000000 1.000000000 -0.000000000 0.000000000 -0.000000000 -1.000000000 -1.000000000 0.000000000 -0.000000000 </Rotation>
                  <Translation>0.000000000 0.000000000 0.000000000 </Translation>
               </Transform>
            </BaseFrame>
            <FollowerFrame>
               <InstancePath>
                  <Uid>MpU6YHFGrvm47TCDV</Uid>
               </InstancePath>
               <Transform>
                  <Rotation>1.000000000 -0.000000000 0.000000000 0.000000000 0.000000000 -1.000000000 0.000000000 1.000000000 0.000000000 </Rotation>
                  <Translation>0.000000000 -0.015000000 0.000000000 </Translation>
               </Transform>
            </FollowerFrame>
         </Weld>
         <Weld name="Fastened10">
            <BaseFrame>
               <InstancePath>
                  <Uid>MpU6YHFGrvm47TCDV</Uid>
               </InstancePath>
               <Transform>
                  <Rotation>1.000000000 0.000000000 -0.000000000 0.000000000 0.000000000 -1.000000000 0.000000000 1.000000000 -0.000000000 </Rotation>
                  <Translation>0.000000000 0.000000000 0.000000000 </Translation>
               </Transform>
            </BaseFrame>
            <FollowerFrame>
               <InstancePath>
                  <Uid>MPWs5BFtA2fuTgDY6</Uid>
               </InstancePath>
               <Transform>
                  <Rotation>1.000000000 0.000000000 0.000000000 0.000000000 0.000000000 1.000000000 0.000000000 -1.000000000 0.000000000 </Rotation>
                  <Translation>0.000000000 0.000000000 0.000000000 </Translation>
               </Transform>
            </FollowerFrame>
         </Weld>
         <Weld name="Fastened11">
            <BaseFrame>
               <InstancePath>
                  <Uid>Ml06WNh062H3mXMU4</Uid>
               </InstancePath>
               <Transform>
                  <Rotation>-0.000000000 -1.000000000 -0.000000000 -0.000000000 0.000000000 -1.000000000 1.000000000 0.000000000 -0.000000000 </Rotation>
                  <Translation>0.000000000 0.005000000 0.000000000 </Translation>
               </Transform>
            </BaseFrame>
            <FollowerFrame>
               <InstancePath>
                  <Uid>MAX3ZlsSzX21eeUz1</Uid>
               </InstancePath>
               <Transform>
                  <Rotation>1.000000000 0.000000000 0.000000000 0.000000000 1.000000000 0.000000000 0.000000000 0.000000000 1.000000000 </Rotation>
                  <Translation>0.000000000 0.000000000 0.025000000 </Translation>
               </Transform>
            </FollowerFrame>
         </Weld>
         <Weld name="Fastened12">
            <BaseFrame>
               <InstancePath>
